EP, 13, 2025090900,   , BEST,   0, 104N,  900W,  20,    0, DB,   0,    ,    0,    0,    0,    0, 1011,  170, 120,   0,   0,   E,   0,    ,   0,   0, GENESIS023,  ,  0,    ,    0,    0,    0,    0, genesis-num, 023, 
EP, 13, 2025090906,   , BEST,   0, 110N,  909W,  20,    0, DB,   0,    ,    0,    0,    0,    0, 1011,  170, 120,   0,   0,   E,   0,    ,   0,   0, GENESIS023,  ,  0,    ,    0,    0,    0,    0, genesis-num, 023, 
EP, 13, 2025090912,   , BEST,   0, 114N,  923W,  20,    0, DB,   0,    ,    0,    0,    0,    0, 1011,  170, 120,   0,   0,   E,   0,    ,   0,   0, GENESIS023,  ,  0,    ,    0,    0,    0,    0, genesis-num, 023, 
EP, 13, 2025090918,   , BEST,   0, 117N,  937W,  20, 1009, DB,   0,    ,    0,    0,    0,    0, 1011,  170, 120,   0,   0,   E,   0,    ,   0,   0,     INVEST, S,  0,    ,    0,    0,    0,    0, genesis-num, 023, SPAWNINVEST, ep752025 to ep952025, 
EP, 13, 2025091000,   , BEST,   0, 120N,  950W,  20, 1009, DB,   0,    ,    0,    0,    0,    0, 1011,  170, 120,   0,   0,   E,   0,    ,   0,   0,     INVEST, S,  0,    ,    0,    0,    0,    0, genesis-num, 023, 
EP, 13, 2025091006,   , BEST,   0, 130N,  958W,  20, 1009, DB,   0,    ,    0,    0,    0,    0, 1011,  160,  80,   0,   0,   E,   0,    ,   0,   0,     INVEST, S,  0,    ,    0,    0,    0,    0, genesis-num, 023, 
EP, 13, 2025091012,   , BEST,   0, 131N,  962W,  25, 1008, DB,   0,    ,    0,    0,    0,    0, 1010,  160,  80,   0,   0,   E,   0,    ,   0,   0,     INVEST, S,  0,    ,    0,    0,    0,    0, genesis-num, 023, 
EP, 13, 2025091018,   , BEST,   0, 134N,  966W,  25, 1008, DB,   0,    ,    0,    0,    0,    0, 1010,  160,  80,  35,   0,   E,   0,    ,   0,   0,     INVEST, S,  0,    ,    0,    0,    0,    0, genesis-num, 023, 
EP, 13, 2025091100,   , BEST,   0, 139N,  975W,  25, 1008, DB,   0,    ,    0,    0,    0,    0, 1010,  160,  80,  40,   0,   E,   0,    ,   0,   0,     INVEST, S,  0,    ,    0,    0,    0,    0, genesis-num, 023, 
EP, 13, 2025091106,   , BEST,   0, 145N,  978W,  25, 1009, DB,   0,    ,    0,    0,    0,    0, 1012,  120,  50,  35,   0,   E,   0,    ,   0,   0,     INVEST, S,  0,    ,    0,    0,    0,    0, genesis-num, 023, 
EP, 13, 2025091112,   , BEST,   0, 149N,  981W,  25, 1009, DB,   0,    ,    0,    0,    0,    0, 1012,  120,  50,  35,   0,   E,   0,    ,   0,   0,     INVEST, S,  0,    ,    0,    0,    0,    0, genesis-num, 023, 
EP, 13, 2025091118,   , BEST,   0, 154N,  983W,  30, 1009, TD,   0,    ,    0,    0,    0,    0, 1012,  120,  50,  40,   0,   E,   0,    ,   0,   0,   THIRTEEN, S,  0,    ,    0,    0,    0,    0, genesis-num, 023, TRANSITIONED, epB52025 to ep132025, 
EP, 13, 2025091200,   , BEST,   0, 159N,  991W,  30, 1007, TD,   0,    ,    0,    0,    0,    0, 1010,   80,  20,  40,   0,   E,   0,    ,   0,   0,   THIRTEEN, S,  0,    ,    0,    0,    0,    0, genesis-num, 023, 
EP, 13, 2025091206,   , BEST,   0, 165N, 1002W,  30, 1007, TD,   0,    ,    0,    0,    0,    0, 1010,   80,  20,  40,   0,   E,   0,    ,   0,   0,   THIRTEEN, S,  0,    ,    0,    0,    0,    0, genesis-num, 023, 
EP, 13, 2025091212,   , BEST,   0, 170N, 1013W,  35, 1006, TS,  34, NEQ,    0,    0,    0,   20, 1011,   80,  20,  45,   0,   E,   0,    ,   0,   0,      MARIO, M,  0,    ,    0,    0,    0,    0, genesis-num, 023, 
EP, 13, 2025091218,   , BEST,   0, 173N, 1024W,  35, 1006, TS,  34, NEQ,    0,    0,    0,   20, 1011,   80,  20,  45,   0,   E,   0,    ,   0,   0,      MARIO, M,  0,    ,    0,    0,    0,    0, genesis-num, 023, 
EP, 13, 2025091300,   , BEST,   0, 179N, 1040W,  30, 1008, TD,   0,    ,    0,    0,    0,    0, 1011,   60,  20,  45,   0,   E,   0,    ,   0,   0,      MARIO, M,  0,    ,    0,    0,    0,    0, genesis-num, 023, 
EP, 13, 2025091306,   , BEST,   0, 183N, 1052W,  30, 1008, DB,   0,    ,    0,    0,    0,    0, 1011,   60,  20,   0,   0,   E,   0,    ,   0,   0,      MARIO,  ,  0,    ,    0,    0,    0,    0, genesis-num, 023, 
EP, 13, 2025091312,   , BEST,   0, 185N, 1065W,  30, 1008, DB,   0,    ,    0,    0,    0,    0, 1011,   60,  20,   0,   0,   E,   0,    ,   0,   0,      MARIO,  ,  0,    ,    0,    0,    0,    0, genesis-num, 023, 
EP, 13, 2025091318,   , BEST,   0, 184N, 1077W,  30, 1008, LO,   0,    ,    0,    0,    0,    0, 1011,   80,  20,   0,   0,   E,   0,    ,   0,   0,      MARIO, M,  0,    ,    0,    0,    0,    0, genesis-num, 023, 
EP, 13, 2025091400,   , BEST,   0, 182N, 1086W,  30, 1008, LO,   0,    ,    0,    0,    0,    0, 1011,   80,  20,   0,   0,   E,   0,    ,   0,   0,      MARIO, M,  0,    ,    0,    0,    0,    0, genesis-num, 023, 
EP, 13, 2025091406,   , BEST,   0, 181N, 1093W,  30, 1008, LO,   0,    ,    0,    0,    0,    0, 1011,   90,  20,   0,   0,   E,   0,    ,   0,   0,      MARIO, M,  0,    ,    0,    0,    0,    0, genesis-num, 023, 
EP, 13, 2025091412,   , BEST,   0, 184N, 1099W,  35, 1004, TS,  34, NEQ,   20,    0,    0,    0, 1010,  180,  20,  45,   0,   E,   0,    ,   0,   0,      MARIO, M,  0,    ,    0,    0,    0,    0, genesis-num, 023, 
EP, 13, 2025091418,   , BEST,   0, 187N, 1103W,  40, 1003, TS,  34, NEQ,   20,   20,   30,   30, 1009,  170,  15,  50,   0,   E,   0,    ,   0,   0,      MARIO, M,  0,    ,    0,    0,    0,    0, genesis-num, 023, 
EP, 13, 2025091500,   , BEST,   0, 191N, 1110W,  40, 1001, TS,  34, NEQ,   20,   20,   20,   20, 1006,  170,  15,  50,   0,   E,   0,    ,   0,   0,      MARIO, M,  0,    ,    0,    0,    0,    0, genesis-num, 023, 
EP, 13, 2025091506,   , BEST,   0, 194N, 1118W,  45,  997, TS,  34, NEQ,   30,   30,   30,   30, 1006,  180,  10,  55,   0,   E,   0,    ,   0,   0,      MARIO, M,  0,    ,    0,    0,    0,    0, genesis-num, 023, 
EP, 13, 2025091512,   , BEST,   0, 197N, 1127W,  50,  995, TS,  34, NEQ,   30,   30,   30,   30, 1006,  150,  15,  60,   0,   E,   0,    ,   0,   0,      MARIO, M, 12, NEQ,   30,    0,    0,    0, genesis-num, 023, 
EP, 13, 2025091512,   , BEST,   0, 197N, 1127W,  50,  995, TS,  50, NEQ,   15,    0,    0,   15, 1006,  150,  15,  60,   0,   E,   0,    ,   0,   0,      MARIO, M, 12, NEQ,   30,    0,    0,    0, genesis-num, 023, 
EP, 13, 2025091518,   , BEST,   0, 204N, 1139W,  55,  993, TS,  34, NEQ,   40,   30,   30,   40, 1006,  150,  15,  65,   0,   E,   0,    ,   0,   0,      MARIO, M, 12, NEQ,   30,    0,    0,    0, genesis-num, 023, 
EP, 13, 2025091518,   , BEST,   0, 204N, 1139W,  55,  993, TS,  50, NEQ,   20,   15,    0,   20, 1006,  150,  15,  65,   0,   E,   0,    ,   0,   0,      MARIO, M, 12, NEQ,   30,    0,    0,    0, genesis-num, 023, 
EP, 13, 2025091600,   , BEST,   0, 211N, 1146W,  50,  995, TS,  34, NEQ,   40,   30,   30,   40, 1006,  120,  15,  60,   0,   E,   0,    ,   0,   0,      MARIO, M, 12, NEQ,   60,   15,   15,   45, genesis-num, 023, 
EP, 13, 2025091600,   , BEST,   0, 211N, 1146W,  50,  995, TS,  50, NEQ,   20,   15,    0,   20, 1006,  120,  15,  60,   0,   E,   0,    ,   0,   0,      MARIO, M, 12, NEQ,   60,   15,   15,   45, genesis-num, 023, 
EP, 13, 2025091606,   , BEST,   0, 216N, 1155W,  45, 1000, TS,  34, NEQ,   40,   30,   30,   40, 1008,  110,  15,  55,   0,   E,   0,    ,   0,   0,      MARIO, M, 12, NEQ,   75,   60,   30,   30, genesis-num, 023, 
EP, 13, 2025091612,   , BEST,   0, 222N, 1166W,  35, 1004, TS,  34, NEQ,   30,   20,    0,   30, 1008,  120,  15,  50,   0,   E,   0,    ,   0,   0,      MARIO, M, 12, NEQ,   60,   45,   30,   30, genesis-num, 023, 
EP, 13, 2025091618,   , BEST,   0, 226N, 1174W,  30, 1005, TD,   0,    ,    0,    0,    0,    0, 1008,  120,  15,  40,   0,   E,   0,    ,   0,   0,      MARIO, S, 12, NEQ,   60,   30,    0,    0, genesis-num, 023, 
EP, 13, 2025091700,   , BEST,   0, 233N, 1180W,  25, 1006, LO,  34, NEQ,    0,    0,    0,    0, 1009,  130,  20,   0,   0,   E,   0,    ,   0,   0,      MARIO, S,  0,    ,    0,    0,    0,    0, genesis-num, 023, 
