EP, 03, 2023070900,   , BEST,   0,  96N,  932W,  15, 1010, DB,   0,    ,    0,    0,    0,    0, 1011,  180, 120,   0,   0,   E,   0,    ,   0,   0, GENESIS007,  ,  0,    ,    0,    0,    0,    0, genesis-num, 007, 
EP, 03, 2023070906,   , BEST,   0,  96N,  940W,  15, 1010, DB,   0,    ,    0,    0,    0,    0, 1011,  180, 120,   0,   0,   E,   0,    ,   0,   0, GENESIS007,  ,  0,    ,    0,    0,    0,    0, genesis-num, 007, 
EP, 03, 2023070912,   , BEST,   0,  97N,  947W,  15, 1010, DB,   0,    ,    0,    0,    0,    0, 1011,  180, 120,   0,   0,   E,   0,    ,   0,   0, GENESIS007,  ,  0,    ,    0,    0,    0,    0, genesis-num, 007, 
EP, 03, 2023070918,   , BEST,   0,  98N,  955W,  15, 1010, DB,   0,    ,    0,    0,    0,    0, 1011,  200, 110,   0,   0,   E,   0,    ,   0,   0, GENESIS007,  ,  0,    ,    0,    0,    0,    0, genesis-num, 007, 
EP, 03, 2023071000,   , BEST,   0, 100N,  966W,  15, 1010, DB,   0,    ,    0,    0,    0,    0, 1011,  200, 100,   0,   0,   E,   0,    ,   0,   0, GENESIS007,  ,  0,    ,    0,    0,    0,    0, genesis-num, 007, 
EP, 03, 2023071006,   , BEST,   0, 102N,  977W,  20, 1009, DB,   0,    ,    0,    0,    0,    0, 1011,  200,  90,   0,   0,   E,   0,    ,   0,   0,     INVEST, S,  0,    ,    0,    0,    0,    0, genesis-num, 007, SPAWNINVEST, ep772023 to ep942023, 
EP, 03, 2023071012,   , BEST,   0, 102N,  989W,  20, 1008, DB,   0,    ,    0,    0,    0,    0, 1010,  200,  90,   0,   0,   E,   0,    ,   0,   0,     INVEST, S,  0,    ,    0,    0,    0,    0, genesis-num, 007, 
EP, 03, 2023071018,   , BEST,   0, 105N, 1002W,  25, 1008, DB,   0,    ,    0,    0,    0,    0, 1010,  200,  90,   0,   0,   E,   0,    ,   0,   0,     INVEST, S,  0,    ,    0,    0,    0,    0, genesis-num, 007, 
EP, 03, 2023071100,   , BEST,   0, 107N, 1019W,  25, 1008, DB,   0,    ,    0,    0,    0,    0, 1010,  200,  90,  35,   0,   E,   0,    ,   0,   0,     INVEST, S,  0,    ,    0,    0,    0,    0, genesis-num, 007, 
EP, 03, 2023071106,   , BEST,   0, 111N, 1033W,  30, 1007, DB,   0,    ,    0,    0,    0,    0, 1010,  150,  50,  40,   0,   E,   0,    ,   0,   0,     INVEST, S,  0,    ,    0,    0,    0,    0, genesis-num, 007, 
EP, 03, 2023071112,   , BEST,   0, 117N, 1050W,  30, 1007, DB,   0,    ,    0,    0,    0,    0, 1010,  150,  50,  40,   0,   E,   0,    ,   0,   0,     INVEST, S,  0,    ,    0,    0,    0,    0, genesis-num, 007, 
EP, 03, 2023071118,   , BEST,   0, 124N, 1071W,  30, 1007, TD,   0,    ,    0,    0,    0,    0, 1010,  120,  30,  40,   0,   E,   0,    ,   0,   0,      THREE, S,  0,    ,    0,    0,    0,    0, genesis-num, 007, TRANSITIONED, epA42023 to ep032023, 
EP, 03, 2023071200,   , BEST,   0, 124N, 1086W,  30, 1007, TD,   0,    ,    0,    0,    0,    0, 1010,  120,  30,  40,   0,   E,   0,    ,   0,   0,      THREE, M,  0,    ,    0,    0,    0,    0, genesis-num, 007, 
EP, 03, 2023071206,   , BEST,   0, 125N, 1100W,  35, 1005, TS,  34, NEQ,   40,   40,   30,   30, 1010,  120,  25,  45,   0,   E,   0,    ,   0,   0,     CALVIN, M,  0,    ,    0,    0,    0,    0, genesis-num, 007, 
EP, 03, 2023071212,   , BEST,   0, 126N, 1115W,  45, 1002, TS,  34, NEQ,   40,   40,   30,   30, 1010,  120,  25,  55,   0,   E,   0,    ,   0,   0,     CALVIN, M, 12, NEQ,   30,    0,    0,   30, genesis-num, 007, 
EP, 03, 2023071218,   , BEST,   0, 127N, 1130W,  55, 1000, TS,  34, NEQ,   50,   40,   30,   40, 1010,  130,  25,  65,   0,   E,   0,    ,   0,   0,     CALVIN, M, 12, NEQ,    0,    0,    0,   45, genesis-num, 007, 
EP, 03, 2023071218,   , BEST,   0, 127N, 1130W,  55, 1000, TS,  50, NEQ,   30,    0,    0,   30, 1010,  130,  25,  65,   0,   E,   0,    ,   0,   0,     CALVIN, M, 12, NEQ,    0,    0,    0,   45, genesis-num, 007, 
EP, 03, 2023071300,   , BEST,   0, 125N, 1143W,  60,  995, TS,  34, NEQ,   50,   40,   30,   40, 1009,  140,  25,  75,   0,   E,   0,    ,   0,   0,     CALVIN, M, 12, NEQ,   90,    0,    0,   45, genesis-num, 007, 
EP, 03, 2023071300,   , BEST,   0, 125N, 1143W,  60,  995, TS,  50, NEQ,   30,   10,    0,   30, 1009,  140,  25,  75,   0,   E,   0,    ,   0,   0,     CALVIN, M, 12, NEQ,   90,    0,    0,   45, genesis-num, 007, 
EP, 03, 2023071306,   , BEST,   0, 124N, 1155W,  60,  995, TS,  34, NEQ,   60,   50,   30,   50, 1010,  150,  20,  75,   0,   E,   0,    ,   0,   0,     CALVIN, M, 12, NEQ,  120,   30,    0,   45, genesis-num, 007, 
EP, 03, 2023071306,   , BEST,   0, 124N, 1155W,  60,  995, TS,  50, NEQ,   30,   20,    0,   30, 1010,  150,  20,  75,   0,   E,   0,    ,   0,   0,     CALVIN, M, 12, NEQ,  120,   30,    0,   45, genesis-num, 007, 
EP, 03, 2023071312,   , BEST,   0, 126N, 1164W,  65,  993, HU,  34, NEQ,   60,   50,   30,   50, 1010,  150,  20,  80,   0,   E,   0,    ,   0,   0,     CALVIN, D, 12, NEQ,  120,   30,    0,   45, genesis-num, 007, 
EP, 03, 2023071312,   , BEST,   0, 126N, 1164W,  65,  993, HU,  50, NEQ,   40,   20,    0,   30, 1010,  150,  20,  80,   0,   E,   0,    ,   0,   0,     CALVIN, D, 12, NEQ,  120,   30,    0,   45, genesis-num, 007, 
EP, 03, 2023071312,   , BEST,   0, 126N, 1164W,  65,  993, HU,  64, NEQ,   20,    0,    0,    0, 1010,  150,  20,  80,   0,   E,   0,    ,   0,   0,     CALVIN, D, 12, NEQ,  120,   30,    0,   45, genesis-num, 007, 
EP, 03, 2023071318,   , BEST,   0, 127N, 1180W,  70,  990, HU,  34, NEQ,   70,   50,   40,   60, 1010,  150,  20,  85,   0,   E,   0,    ,   0,   0,     CALVIN, D, 12, NEQ,  135,   60,   60,   90, genesis-num, 007, 
EP, 03, 2023071318,   , BEST,   0, 127N, 1180W,  70,  990, HU,  50, NEQ,   40,   20,    0,   30, 1010,  150,  20,  85,   0,   E,   0,    ,   0,   0,     CALVIN, D, 12, NEQ,  135,   60,   60,   90, genesis-num, 007, 
EP, 03, 2023071318,   , BEST,   0, 127N, 1180W,  70,  990, HU,  64, NEQ,   20,    0,    0,    5, 1010,  150,  20,  85,   0,   E,   0,    ,   0,   0,     CALVIN, D, 12, NEQ,  135,   60,   60,   90, genesis-num, 007, 
EP, 03, 2023071400,   , BEST,   0, 130N, 1198W,  80,  981, HU,  34, NEQ,   80,   50,   40,   70, 1008,  160,  20, 100,   0,   E,   0,    ,   0,   0,     CALVIN, D, 12, NEQ,  150,   90,   60,  120, genesis-num, 007, 
EP, 03, 2023071400,   , BEST,   0, 130N, 1198W,  80,  981, HU,  50, NEQ,   40,   20,    0,   30, 1008,  160,  20, 100,   0,   E,   0,    ,   0,   0,     CALVIN, D, 12, NEQ,  150,   90,   60,  120, genesis-num, 007, 
EP, 03, 2023071400,   , BEST,   0, 130N, 1198W,  80,  981, HU,  64, NEQ,   20,    0,    0,   10, 1008,  160,  20, 100,   0,   E,   0,    ,   0,   0,     CALVIN, D, 12, NEQ,  150,   90,   60,  120, genesis-num, 007, 
EP, 03, 2023071406,   , BEST,   0, 131N, 1212W,  90,  970, HU,  34, NEQ,  100,   50,   50,   90, 1008,  160,  20, 110,   0,   E,   0,    ,   0,   0,     CALVIN, D, 12, NEQ,  150,   90,   60,  120, genesis-num, 007, 
EP, 03, 2023071406,   , BEST,   0, 131N, 1212W,  90,  970, HU,  50, NEQ,   40,   20,    0,   30, 1008,  160,  20, 110,   0,   E,   0,    ,   0,   0,     CALVIN, D, 12, NEQ,  150,   90,   60,  120, genesis-num, 007, 
EP, 03, 2023071406,   , BEST,   0, 131N, 1212W,  90,  970, HU,  64, NEQ,   20,    0,    0,   10, 1008,  160,  20, 110,   0,   E,   0,    ,   0,   0,     CALVIN, D, 12, NEQ,  150,   90,   60,  120, genesis-num, 007, 
EP, 03, 2023071412,   , BEST,   0, 134N, 1225W, 100,  963, HU,  34, NEQ,  100,   90,   80,  100, 1008,  180,  15,   0,   0,   E,   0,    ,   0,   0,     CALVIN, D,  0,    ,    0,    0,    0,    0, genesis-num, 007, 
EP, 03, 2023071412,   , BEST,   0, 134N, 1225W, 100,  963, HU,  50, NEQ,   50,   30,   30,   50, 1008,  180,  15,   0,   0,   E,   0,    ,   0,   0,     CALVIN, D,  0,    ,    0,    0,    0,    0, genesis-num, 007, 
EP, 03, 2023071412,   , BEST,   0, 134N, 1225W, 100,  963, HU,  64, NEQ,   25,   15,   15,   25, 1008,  180,  15,   0,   0,   E,   0,    ,   0,   0,     CALVIN, D,  0,    ,    0,    0,    0,    0, genesis-num, 007, 
