AL, 10, 2025100406,   , BEST,   0,  69N,  213W,  20, 1012, DB,   0,    ,    0,    0,    0,    0, 1013,  210, 120,   0,   0,   L,   0,    ,   0,   0, GENESIS029,  ,  0,    ,    0,    0,    0,    0, genesis-num, 029, 
AL, 10, 2025100412,   , BEST,   0,  72N,  226W,  20, 1012, DB,   0,    ,    0,    0,    0,    0, 1013,  210, 120,   0,   0,   L,   0,    ,   0,   0, GENESIS029,  ,  0,    ,    0,    0,    0,    0, genesis-num, 029, 
AL, 10, 2025100418,   , BEST,   0,  76N,  237W,  20, 1012, DB,   0,    ,    0,    0,    0,    0, 1013,  210, 120,   0,   0,   L,   0,    ,   0,   0, GENESIS029,  ,  0,    ,    0,    0,    0,    0, genesis-num, 029, 
AL, 10, 2025100500,   , BEST,   0,  78N,  247W,  25, 1011, DB,   0,    ,    0,    0,    0,    0, 1013,  210, 120,   0,   0,   L,   0,    ,   0,   0, GENESIS029,  ,  0,    ,    0,    0,    0,    0, genesis-num, 029, 
AL, 10, 2025100506,   , BEST,   0,  80N,  259W,  25, 1011, DB,   0,    ,    0,    0,    0,    0, 1013,  210, 120,   0,   0,   L,   0,    ,   0,   0,     INVEST, S,  0,    ,    0,    0,    0,    0, genesis-num, 029, 
AL, 10, 2025100512,   , BEST,   0,  81N,  274W,  30, 1010, DB,   0,    ,    0,    0,    0,    0, 1013,  210,  90,   0,   0,   L,   0,    ,   0,   0,     INVEST, S,  0,    ,    0,    0,    0,    0, genesis-num, 029, 
AL, 10, 2025100518,   , BEST,   0,  84N,  297W,  30, 1010, DB,   0,    ,    0,    0,    0,    0, 1013,  210,  90,   0,   0,   L,   0,    ,   0,   0,     INVEST, S,  0,    ,    0,    0,    0,    0, genesis-num, 029, 
AL, 10, 2025100600,   , BEST,   0,  86N,  325W,  25, 1010, DB,   0,    ,    0,    0,    0,    0, 1013,  210, 100,   0,   0,   L,   0,    ,   0,   0,     INVEST, S,  0,    ,    0,    0,    0,    0, genesis-num, 029, 
AL, 10, 2025100606,   , BEST,   0,  92N,  341W,  25, 1010, DB,   0,    ,    0,    0,    0,    0, 1013,  210, 100,   0,   0,   L,   0,    ,   0,   0,     INVEST, S,  0,    ,    0,    0,    0,    0, genesis-num, 029, 
AL, 10, 2025100612,   , BEST,   0,  95N,  355W,  25, 1010, DB,   0,    ,    0,    0,    0,    0, 1013,  210, 100,   0,   0,   L,   0,    ,   0,   0,     INVEST, S,  0,    ,    0,    0,    0,    0, genesis-num, 029, 
AL, 10, 2025100618,   , BEST,   0, 100N,  375W,  25, 1010, DB,   0,    ,    0,    0,    0,    0, 1013,  210, 100,   0,   0,   L,   0,    ,   0,   0,     INVEST, S,  0,    ,    0,    0,    0,    0, genesis-num, 029, 
AL, 10, 2025100700,   , BEST,   0, 106N,  390W,  30, 1009, LO,   0,    ,    0,    0,    0,    0, 1012,  130,  20,   0,   0,   L,   0,    ,   0,   0,     INVEST, S,  0,    ,    0,    0,    0,    0, genesis-num, 029, 
AL, 10, 2025100706,   , BEST,   0, 109N,  409W,  30, 1009, LO,   0,    ,    0,    0,    0,    0, 1012,  130,  20,  40,   0,   L,   0,    ,   0,   0,     INVEST, S,  0,    ,    0,    0,    0,    0, genesis-num, 029, 
AL, 10, 2025100712,   , BEST,   0, 113N,  438W,  40, 1006, TS,  34, NEQ,  120,   90,    0,    0, 1012,  130,  20,  50,   0,   L,   0,    ,   0,   0,      JERRY, S,  0,    ,    0,    0,    0,    0, genesis-num, 029, TRANSITIONED, alB52025 to al102025, 
AL, 10, 2025100718,   , BEST,   0, 118N,  454W,  45, 1003, TS,  34, NEQ,  120,   90,    0,   60, 1011,  120,  25,  55,   0,   L,   0,    ,   0,   0,      JERRY, S, 12, NEQ,  120,    0,    0,    0, genesis-num, 029, 
AL, 10, 2025100800,   , BEST,   0, 125N,  477W,  45, 1003, TS,  34, NEQ,  120,  100,    0,   60, 1011,  120,  25,  55,   0,   L,   0,    ,   0,   0,      JERRY, S, 12, NEQ,  150,  120,    0,    0, genesis-num, 029, 
AL, 10, 2025100806,   , BEST,   0, 130N,  498W,  45, 1003, TS,  34, NEQ,  110,  100,    0,   70, 1011,  120,  40,  55,   0,   L,   0,    ,   0,   0,      JERRY, S, 12, NEQ,  150,  120,    0,   30, genesis-num, 029, 
AL, 10, 2025100812,   , BEST,   0, 135N,  518W,  50, 1003, TS,  34, NEQ,  110,  100,    0,   70, 1011,  120,  50,  60,   0,   L,   0,    ,   0,   0,      JERRY, S, 12, NEQ,  210,  180,    0,   60, genesis-num, 029, 
AL, 10, 2025100812,   , BEST,   0, 135N,  518W,  50, 1003, TS,  50, NEQ,   50,   50,    0,    0, 1011,  120,  50,  60,   0,   L,   0,    ,   0,   0,      JERRY, S, 12, NEQ,  210,  180,    0,   60, genesis-num, 029, 
AL, 10, 2025100818,   , BEST,   0, 144N,  538W,  50, 1000, TS,  34, NEQ,  130,  150,    0,   70, 1009,  120,  50,  60,   0,   L,   0,    ,   0,   0,      JERRY, M, 12, NEQ,  240,  240,   30,   60, genesis-num, 029, 
AL, 10, 2025100818,   , BEST,   0, 144N,  538W,  50, 1000, TS,  50, NEQ,   50,   50,    0,    0, 1009,  120,  50,  60,   0,   L,   0,    ,   0,   0,      JERRY, M, 12, NEQ,  240,  240,   30,   60, genesis-num, 029, 
AL, 10, 2025100900,   , BEST,   0, 149N,  554W,  55,  999, TS,  34, NEQ,  130,  150,    0,   70, 1009,  120,  15,  65,   0,   L,   0,    ,   0,   0,      JERRY, M, 12, NEQ,  240,  210,   30,   60, genesis-num, 029, 
AL, 10, 2025100900,   , BEST,   0, 149N,  554W,  55,  999, TS,  50, NEQ,   80,   50,    0,    0, 1009,  120,  15,  65,   0,   L,   0,    ,   0,   0,      JERRY, M, 12, NEQ,  240,  210,   30,   60, genesis-num, 029, 
AL, 10, 2025100906,   , BEST,   0, 155N,  571W,  55,  999, TS,  34, NEQ,  130,  150,    0,   70, 1010,  120,  15,  65,   0,   L,   0,    ,   0,   0,      JERRY, M, 12, NEQ,  270,  210,   60,   90, genesis-num, 029, 
AL, 10, 2025100906,   , BEST,   0, 155N,  571W,  55,  999, TS,  50, NEQ,   80,   50,    0,    0, 1010,  120,  15,  65,   0,   L,   0,    ,   0,   0,      JERRY, M, 12, NEQ,  270,  210,   60,   90, genesis-num, 029, 
AL, 10, 2025100912,   , BEST,   0, 156N,  585W,  55,  999, TS,  34, NEQ,  130,  150,    0,   70, 1011,  120,  20,  65,   0,   L,   0,    ,   0,   0,      JERRY, M, 12, NEQ,  300,  180,   30,   90, genesis-num, 029, 
AL, 10, 2025100912,   , BEST,   0, 156N,  585W,  55,  999, TS,  50, NEQ,   80,   50,    0,    0, 1011,  120,  20,  65,   0,   L,   0,    ,   0,   0,      JERRY, M, 12, NEQ,  300,  180,   30,   90, genesis-num, 029, 
AL, 10, 2025100918,   , BEST,   0, 167N,  599W,  55, 1001, TS,  34, NEQ,  150,  150,    0,   70, 1011,  120,  40,  65,   0,   L,   0,    ,   0,   0,      JERRY, M, 12, NEQ,  275,  180,   30,   90, genesis-num, 029, 
AL, 10, 2025100918,   , BEST,   0, 167N,  599W,  55, 1001, TS,  50, NEQ,   70,   70,    0,    0, 1011,  120,  40,  65,   0,   L,   0,    ,   0,   0,      JERRY, M, 12, NEQ,  275,  180,   30,   90, genesis-num, 029, 
AL, 10, 2025101000,   , BEST,   0, 176N,  611W,  50, 1006, TS,  34, NEQ,  150,  150,    0,   50, 1010,  100,  50,  60,   0,   L,   0,    ,   0,   0,      JERRY, M, 12, NEQ,  275,  180,   60,  120, genesis-num, 029, 
AL, 10, 2025101000,   , BEST,   0, 176N,  611W,  50, 1006, TS,  50, NEQ,   70,   70,    0,    0, 1010,  100,  50,  60,   0,   L,   0,    ,   0,   0,      JERRY, M, 12, NEQ,  275,  180,   60,  120, genesis-num, 029, 
AL, 10, 2025101006,   , BEST,   0, 186N,  622W,  45, 1007, TS,  34, NEQ,  140,  160,    0,   50, 1010,  100,  50,  55,   0,   L,   0,    ,   0,   0,      JERRY, M, 12, NEQ,  275,  210,   60,  120, genesis-num, 029, 
AL, 10, 2025101012,   , BEST,   0, 196N,  631W,  45, 1006, TS,  34, NEQ,  150,  130,    0,    0, 1011,  120,  80,  55,   0,   L,   0,    ,   0,   0,      JERRY, M, 12, NEQ,  275,  210,   60,  150, genesis-num, 029, 
AL, 10, 2025101018,   , BEST,   0, 209N,  635W,  45, 1006, TS,  34, NEQ,  150,  130,    0,    0, 1010,  120,  80,  55,   0,   L,   0,    ,   0,   0,      JERRY, M, 12, NEQ,  275,  210,   60,  150, genesis-num, 029, 
AL, 10, 2025101100,   , BEST,   0, 223N,  637W,  50, 1004, TS,  34, NEQ,  150,  130,    0,    0, 1010,  120, 100,  60,   0,   L,   0,    ,   0,   0,      JERRY, M, 12, NEQ,  275,  210,   90,  150, genesis-num, 029, 
AL, 10, 2025101100,   , BEST,   0, 223N,  637W,  50, 1004, TS,  50, NEQ,    0,  120,    0,    0, 1010,  120, 100,  60,   0,   L,   0,    ,   0,   0,      JERRY, M, 12, NEQ,  275,  210,   90,  150, genesis-num, 029, 
AL, 10, 2025101106,   , BEST,   0, 239N,  637W,  45, 1005, TS,  34, NEQ,  150,  180,    0,    0, 1010,  120,  90,  60,   0,   L,   0,    ,   0,   0,      JERRY, M, 12, NEQ,  275,  210,   90,  150, genesis-num, 029, 
AL, 10, 2025101112,   , BEST,   0, 259N,  637W,  40, 1006, TS,  34, NEQ,  150,  210,    0,    0, 1009,  120,  90,  55,   0,   L,   0,    ,   0,   0,      JERRY, M, 12, NEQ,  275,  210,   90,  150, genesis-num, 029, 
AL, 10, 2025101118,   , BEST,   0, 270N,  637W,  40, 1006, DB,  34, NEQ,  150,  210,    0,    0, 1008,  120,  90,   0,   0,   L,   0,    ,   0,   0,      JERRY, M,  0,    ,    0,    0,    0,    0, genesis-num, 029, 
