EP, 05, 2025061400,   , BEST,   0,  90N,  844W,  20, 1009, DB,   0,    ,    0,    0,    0,    0,    0,    0,   0,   0,   0,   E,   0,    ,   0,   0, 
EP, 05, 2025061406,   , BEST,   0,  90N,  851W,  20, 1009, DB,   0,    ,    0,    0,    0,    0,    0,    0,   0,   0,   0,   E,   0,    ,   0,   0, 
EP, 05, 2025061412,   , BEST,   0,  91N,  858W,  25, 1009, DB,   0,    ,    0,    0,    0,    0, 1012,  120,  90,   0,   0,   E,   0,    ,   0,   0,     INVEST, S,  0,    ,    0,    0,    0,    0, genesis-num, 006, SPAWNINVEST, ep762025 to ep942025, 
EP, 05, 2025061418,   , BEST,   0,  92N,  865W,  25, 1009, DB,   0,    ,    0,    0,    0,    0, 1012,  120,  90,   0,   0,   E,   0,    ,   0,   0,     INVEST, S,  0,    ,    0,    0,    0,    0, genesis-num, 006, 
EP, 05, 2025061500,   , BEST,   0,  93N,  872W,  25, 1009, DB,   0,    ,    0,    0,    0,    0, 1012,  120,  90,   0,   0,   E,   0,    ,   0,   0,     INVEST, S,  0,    ,    0,    0,    0,    0, genesis-num, 006, 
EP, 05, 2025061506,   , BEST,   0,  94N,  876W,  25, 1009, DB,   0,    ,    0,    0,    0,    0, 1012,  120,  90,   0,   0,   E,   0,    ,   0,   0,     INVEST, S,  0,    ,    0,    0,    0,    0, genesis-num, 006, 
EP, 05, 2025061512,   , BEST,   0,  94N,  879W,  25, 1009, DB,   0,    ,    0,    0,    0,    0, 1012,  120,  90,   0,   0,   E,   0,    ,   0,   0,     INVEST, S,  0,    ,    0,    0,    0,    0, genesis-num, 006, 
EP, 05, 2025061518,   , BEST,   0,  94N,  884W,  25, 1009, DB,   0,    ,    0,    0,    0,    0, 1012,  120,  90,   0,   0,   E,   0,    ,   0,   0,     INVEST, S,  0,    ,    0,    0,    0,    0, genesis-num, 006, 
EP, 05, 2025061600,   , BEST,   0,  94N,  891W,  25, 1009, DB,   0,    ,    0,    0,    0,    0, 1011,  150,  90,   0,   0,   E,   0,    ,   0,   0,     INVEST, S,  0,    ,    0,    0,    0,    0, genesis-num, 006, 
EP, 05, 2025061606,   , BEST,   0,  97N,  899W,  25, 1009, DB,   0,    ,    0,    0,    0,    0, 1011,  150,  90,   0,   0,   E,   0,    ,   0,   0,     INVEST, S,  0,    ,    0,    0,    0,    0, genesis-num, 006, 
EP, 05, 2025061612,   , BEST,   0, 100N,  906W,  25, 1009, LO,   0,    ,    0,    0,    0,    0, 1011,  150,  90,  35,   0,   E,   0,    ,   0,   0,     INVEST, S,  0,    ,    0,    0,    0,    0, genesis-num, 006, 
EP, 05, 2025061618,   , BEST,   0, 104N,  915W,  30, 1009, LO,  34, NEQ,    0,    0,    0,    0, 1011,  150,  90,  40,   0,   E,   0,    ,   0,   0,       FIVE, S,  0,    ,    0,    0,    0,    0, genesis-num, 006, TRANSITIONED, epA42025 to ep052025, 
