AL, 18, 2024110112,   , BEST,   0,  95N,  818W,  20, 1007, DB,   0,    ,    0,    0,    0,    0, 1009,  200,  90,   0,   0,   L,   0,    ,   0,   0, GENESIS035,  ,  0,    ,    0,    0,    0,    0, genesis-num, 035, 
AL, 18, 2024110118,   , BEST,   0,  98N,  816W,  20, 1007, DB,   0,    ,    0,    0,    0,    0, 1009,  200,  90,   0,   0,   L,   0,    ,   0,   0, GENESIS035,  ,  0,    ,    0,    0,    0,    0, genesis-num, 035, 
AL, 18, 2024110200,   , BEST,   0, 102N,  814W,  20, 1007, DB,   0,    ,    0,    0,    0,    0, 1009,  200,  90,   0,   0,   L,   0,    ,   0,   0, GENESIS035,  ,  0,    ,    0,    0,    0,    0, genesis-num, 035, 
AL, 18, 2024110206,   , BEST,   0, 107N,  811W,  20, 1007, DB,   0,    ,    0,    0,    0,    0, 1009,  200,  90,   0,   0,   L,   0,    ,   0,   0, GENESIS035,  ,  0,    ,    0,    0,    0,    0, genesis-num, 035, 
AL, 18, 2024110212,   , BEST,   0, 113N,  806W,  20, 1007, DB,   0,    ,    0,    0,    0,    0, 1009,  200,  90,   0,   0,   L,   0,    ,   0,   0,     INVEST, S,  0,    ,    0,    0,    0,    0, genesis-num, 035, SPAWNINVEST, al782024 to al972024, 
AL, 18, 2024110218,   , BEST,   0, 117N,  799W,  20, 1007, DB,   0,    ,    0,    0,    0,    0, 1009,  200,  90,   0,   0,   L,   0,    ,   0,   0,     INVEST, S,  0,    ,    0,    0,    0,    0, genesis-num, 035, 
AL, 18, 2024110300,   , BEST,   0, 122N,  792W,  20, 1006, DB,   0,    ,    0,    0,    0,    0, 1008,  200,  90,  30,   0,   L,   0,    ,   0,   0,     INVEST, S,  0,    ,    0,    0,    0,    0, genesis-num, 035, 
AL, 18, 2024110306,   , BEST,   0, 127N,  782W,  25, 1006, DB,   0,    ,    0,    0,    0,    0, 1008,  200,  90,  35,   0,   L,   0,    ,   0,   0,     INVEST, S,  0,    ,    0,    0,    0,    0, genesis-num, 035, 
AL, 18, 2024110312,   , BEST,   0, 130N,  776W,  25, 1006, DB,   0,    ,    0,    0,    0,    0, 1008,  200,  90,   0,   0,   L,   0,    ,   0,   0,     INVEST, S,  0,    ,    0,    0,    0,    0, genesis-num, 035, 
AL, 18, 2024110318,   , BEST,   0, 127N,  771W,  30, 1004, DB,   0,    ,    0,    0,    0,    0, 1008,  200,  80,  40,   0,   L,   0,    ,   0,   0,   EIGHTEEN, S,  0,    ,    0,    0,    0,    0, genesis-num, 035, TRANSITIONED, alC72024 to al182024, 
AL, 18, 2024110400,   , BEST,   0, 133N,  769W,  30, 1004, DB,   0,    ,    0,    0,    0,    0, 1008,  250,  70,  40,   0,   L,   0,    ,   0,   0,   EIGHTEEN, S,  0,    ,    0,    0,    0,    0, genesis-num, 035, 
AL, 18, 2024110406,   , BEST,   0, 139N,  769W,  30, 1004, DB,   0,    ,    0,    0,    0,    0, 1008,  250,  70,  40,   0,   L,   0,    ,   0,   0,   EIGHTEEN, S,  0,    ,    0,    0,    0,    0, genesis-num, 035, 
AL, 18, 2024110412,   , BEST,   0, 148N,  767W,  30, 1003, TD,   0,    ,    0,    0,    0,    0, 1008,  250,  70,  40,   0,   L,   0,    ,   0,   0,   EIGHTEEN, S,  0,    ,    0,    0,    0,    0, genesis-num, 035, 
AL, 18, 2024110418,   , BEST,   0, 151N,  764W,  40,  999, TS,  34, NEQ,   70,   90,    0,    0, 1008,  250,  70,  50,   0,   L,   0,    ,   0,   0,     RAFAEL, M,  0,    ,    0,    0,    0,    0, genesis-num, 035, 
AL, 18, 2024110500,   , BEST,   0, 158N,  769W,  40, 1000, TS,  34, NEQ,   90,   90,    0,    0, 1008,  250,  40,  50,   0,   L,   0,    ,   0,   0,     RAFAEL, M,  0,    ,    0,    0,    0,    0, genesis-num, 035, 
AL, 18, 2024110506,   , BEST,   0, 166N,  777W,  45,  993, TS,  34, NEQ,   90,   90,    0,    0, 1008,  250,  30,  55,   0,   L,   0,    ,   0,   0,     RAFAEL, M,  0,    ,    0,    0,    0,    0, genesis-num, 035, 
AL, 18, 2024110512,   , BEST,   0, 174N,  782W,  50,  994, TS,  34, NEQ,   90,   90,    0,    0, 1008,  250,  20,  55,   0,   L,   0,    ,   0,   0,     RAFAEL, M, 12, NEQ,   30,   75,    0,    0, genesis-num, 035, 
AL, 18, 2024110512,   , BEST,   0, 174N,  782W,  50,  994, TS,  50, NEQ,   20,    0,    0,    0, 1008,  250,  20,  55,   0,   L,   0,    ,   0,   0,     RAFAEL, M, 12, NEQ,   30,   75,    0,    0, genesis-num, 035, 
AL, 18, 2024110518,   , BEST,   0, 186N,  791W,  55,  994, TS,  34, NEQ,   90,   80,    0,   30, 1008,  250,  20,  65,   0,   L,   0,    ,   0,   0,     RAFAEL, M, 12, NEQ,   30,   75,    0,    0, genesis-num, 035, 
AL, 18, 2024110518,   , BEST,   0, 186N,  791W,  55,  994, TS,  50, NEQ,   30,    0,    0,    0, 1008,  250,  20,  65,   0,   L,   0,    ,   0,   0,     RAFAEL, M, 12, NEQ,   30,   75,    0,    0, genesis-num, 035, 
AL, 18, 2024110600,   , BEST,   0, 194N,  799W,  70,  985, HU,  34, NEQ,   90,   80,   20,   50, 1006,  130,  15,  80,   0,   L,   0,    ,   0,   0,     RAFAEL, M, 12, NEQ,   90,   90,   60,   60, genesis-num, 035, 
AL, 18, 2024110600,   , BEST,   0, 194N,  799W,  70,  985, HU,  50, NEQ,   40,   20,    0,   25, 1006,  130,  15,  80,   0,   L,   0,    ,   0,   0,     RAFAEL, M, 12, NEQ,   90,   90,   60,   60, genesis-num, 035, 
AL, 18, 2024110600,   , BEST,   0, 194N,  799W,  70,  985, HU,  64, NEQ,   15,    0,    0,    0, 1006,  130,  15,  80,   0,   L,   0,    ,   0,   0,     RAFAEL, M, 12, NEQ,   90,   90,   60,   60, genesis-num, 035, 
AL, 18, 2024110606,   , BEST,   0, 202N,  809W,  75,  977, HU,  34, NEQ,   90,   80,   20,   50, 1007,  110,  10,  90,   0,   L,   0,    ,   0,   0,     RAFAEL, M, 12, NEQ,   90,   90,   60,   60, genesis-num, 035, 
AL, 18, 2024110606,   , BEST,   0, 202N,  809W,  75,  977, HU,  50, NEQ,   40,   20,    0,   25, 1007,  110,  10,  90,   0,   L,   0,    ,   0,   0,     RAFAEL, M, 12, NEQ,   90,   90,   60,   60, genesis-num, 035, 
AL, 18, 2024110606,   , BEST,   0, 202N,  809W,  75,  977, HU,  64, NEQ,   15,    0,    0,    0, 1007,  110,  10,  90,   0,   L,   0,    ,   0,   0,     RAFAEL, M, 12, NEQ,   90,   90,   60,   60, genesis-num, 035, 
AL, 18, 2024110612,   , BEST,   0, 210N,  816W,  90,  964, HU,  34, NEQ,  100,   80,   40,   50, 1008,  120,  10, 110,   0,   L,   0,    ,   0,   0,     RAFAEL, D, 12, NEQ,   90,   90,   60,   60, genesis-num, 035, 
AL, 18, 2024110612,   , BEST,   0, 210N,  816W,  90,  964, HU,  50, NEQ,   40,   20,   20,   25, 1008,  120,  10, 110,   0,   L,   0,    ,   0,   0,     RAFAEL, D, 12, NEQ,   90,   90,   60,   60, genesis-num, 035, 
AL, 18, 2024110612,   , BEST,   0, 210N,  816W,  90,  964, HU,  64, NEQ,   15,   15,   10,   10, 1008,  120,  10, 110,   0,   L,   0,    ,   0,   0,     RAFAEL, D, 12, NEQ,   90,   90,   60,   60, genesis-num, 035, 
