AL, 07, 2023081600,   , BEST,   0, 116N,  187W,  20,    0, DB,   0,    ,    0,    0,    0,    0, 1011,  200, 120,   0,   0,   L,   0,    ,   0,   0, GENESIS017,  ,  0,    ,    0,    0,    0,    0, genesis-num, 017, 
AL, 07, 2023081606,   , BEST,   0, 118N,  210W,  20,    0, DB,   0,    ,    0,    0,    0,    0, 1011,  200, 120,   0,   0,   L,   0,    ,   0,   0, GENESIS017,  ,  0,    ,    0,    0,    0,    0, genesis-num, 017, 
AL, 07, 2023081612,   , BEST,   0, 119N,  225W,  20,    0, DB,   0,    ,    0,    0,    0,    0, 1011,  200, 120,   0,   0,   L,   0,    ,   0,   0, GENESIS017,  ,  0,    ,    0,    0,    0,    0, genesis-num, 017, 
AL, 07, 2023081618,   , BEST,   0, 120N,  240W,  20,    0, DB,   0,    ,    0,    0,    0,    0, 1011,  200, 120,   0,   0,   L,   0,    ,   0,   0, GENESIS017,  ,  0,    ,    0,    0,    0,    0, genesis-num, 017, 
AL, 07, 2023081700,   , BEST,   0, 128N,  250W,  25, 1009, DB,   0,    ,    0,    0,    0,    0, 1011,  200, 120,   0,   0,   L,   0,    ,   0,   0,     INVEST, M,  0,    ,    0,    0,    0,    0, genesis-num, 017, SPAWNINVEST, al792023 to al982023, 
AL, 07, 2023081706,   , BEST,   0, 138N,  261W,  25, 1009, DB,   0,    ,    0,    0,    0,    0, 1011,  200, 120,   0,   0,   L,   0,    ,   0,   0,     INVEST, S,  0,    ,    0,    0,    0,    0, genesis-num, 017, 
AL, 07, 2023081712,   , BEST,   0, 142N,  273W,  25, 1009, DB,   0,    ,    0,    0,    0,    0, 1011,  200, 120,   0,   0,   L,   0,    ,   0,   0,     INVEST, S,  0,    ,    0,    0,    0,    0, genesis-num, 017, 
AL, 07, 2023081718,   , BEST,   0, 147N,  283W,  25, 1009, DB,   0,    ,    0,    0,    0,    0, 1011,  200, 120,   0,   0,   L,   0,    ,   0,   0,     INVEST, S,  0,    ,    0,    0,    0,    0, genesis-num, 017, 
AL, 07, 2023081800,   , BEST,   0, 152N,  295W,  25, 1009, DB,   0,    ,    0,    0,    0,    0, 1011,  200, 120,   0,   0,   L,   0,    ,   0,   0,     INVEST, S,  0,    ,    0,    0,    0,    0, genesis-num, 017, 
AL, 07, 2023081806,   , BEST,   0, 154N,  312W,  25, 1009, DB,   0,    ,    0,    0,    0,    0, 1011,  200, 120,   0,   0,   L,   0,    ,   0,   0,     INVEST, S,  0,    ,    0,    0,    0,    0, genesis-num, 017, 
AL, 07, 2023081812,   , BEST,   0, 154N,  329W,  25, 1009, LO,   0,    ,    0,    0,    0,    0, 1011,  180, 120,   0,   0,   L,   0,    ,   0,   0,     INVEST, S,  0,    ,    0,    0,    0,    0, genesis-num, 017, 
AL, 07, 2023081818,   , BEST,   0, 154N,  339W,  25, 1008, LO,   0,    ,    0,    0,    0,    0, 1011,  180, 110,   0,   0,   L,   0,    ,   0,   0,     INVEST, S,  0,    ,    0,    0,    0,    0, genesis-num, 017, 
AL, 07, 2023081900,   , BEST,   0, 154N,  348W,  30, 1007, LO,   0,    ,    0,    0,    0,    0, 1011,  180, 110,   0,   0,   L,   0,    ,   0,   0,     INVEST, S,  0,    ,    0,    0,    0,    0, genesis-num, 017, 
AL, 07, 2023081906,   , BEST,   0, 154N,  353W,  30, 1006, LO,   0,    ,    0,    0,    0,    0, 1011,  200, 110,   0,   0,   L,   0,    ,   0,   0,     INVEST, S,  0,    ,    0,    0,    0,    0, genesis-num, 017, 
AL, 07, 2023081912,   , BEST,   0, 159N,  355W,  30, 1006, LO,   0,    ,    0,    0,    0,    0, 1011,  200, 100,   0,   0,   L,   0,    ,   0,   0,     INVEST, S,  0,    ,    0,    0,    0,    0, genesis-num, 017, 
AL, 07, 2023081918,   , BEST,   0, 170N,  360W,  30, 1006, LO,   0,    ,    0,    0,    0,    0, 1011,  200,  90,   0,   0,   L,   0,    ,   0,   0,     INVEST, S,  0,    ,    0,    0,    0,    0, genesis-num, 017, 
AL, 07, 2023082000,   , BEST,   0, 182N,  365W,  35, 1006, LO,  34, NEQ,   80,    0,    0,   80, 1011,  190,  80,  45,   0,   L,   0,    ,   0,   0,     INVEST, S,  0,    ,    0,    0,    0,    0, genesis-num, 017, 
AL, 07, 2023082006,   , BEST,   0, 189N,  377W,  35, 1005, LO,  34, NEQ,   80,    0,    0,   80, 1010,  200,  60,   0,   0,   L,   0,    ,   0,   0,     INVEST, S,  0,    ,    0,    0,    0,    0, genesis-num, 017, 
AL, 07, 2023082012,   , BEST,   0, 194N,  384W,  45, 1001, TS,  34, NEQ,  160,    0,    0,  100, 1010,  250,  50,  55,   0,   L,   0,    ,   0,   0,      EMILY, M,  0,    ,    0,    0,    0,    0, genesis-num, 017, TRANSITIONED, alA82023 to al072023, 
AL, 07, 2023082018,   , BEST,   0, 200N,  390W,  45, 1001, TS,  34, NEQ,  160,    0,    0,  100, 1010,  250,  50,  55,   0,   L,   0,    ,   0,   0,      EMILY, M, 12, NEQ,  180,    0,    0,  150, genesis-num, 017, 
AL, 07, 2023082100,   , BEST,   0, 203N,  398W,  40, 1001, TS,  34, NEQ,  180,    0,    0,  140, 1010,  250,  50,  50,   0,   L,   0,    ,   0,   0,      EMILY, M, 12, NEQ,  150,   90,   90,  120, genesis-num, 017, 
AL, 07, 2023082106,   , BEST,   0, 205N,  406W,  35, 1004, TS,  34, NEQ,  180,    0,    0,  140, 1010,  250,  50,  45,   0,   L,   0,    ,   0,   0,      EMILY, M, 12, NEQ,  210,   60,   90,  210, genesis-num, 017, 
AL, 07, 2023082112,   , BEST,   0, 209N,  414W,  30, 1006, LO,  34, NEQ,    0,    0,    0,    0, 1010,  200,  50,   0,   0,   L,   0,    ,   0,   0,      EMILY, S,  0,    ,    0,    0,    0,    0, genesis-num, 017, 
