EP, 16, 2021100712,   , BEST,   0,  95N,  844W,  15,    0, DB,   0,    ,    0,    0,    0,    0,    0,    0,   0,   0,   0,   E,   0,    ,   0,   0, GENESIS027,  ,  0,    ,    0,    0,    0,    0, genesis-num, 027, 
EP, 16, 2021100718,   , BEST,   0,  95N,  859W,  15,    0, DB,   0,    ,    0,    0,    0,    0,    0,    0,   0,   0,   0,   E,   0,    ,   0,   0, GENESIS027,  ,  0,    ,    0,    0,    0,    0, genesis-num, 027, 
EP, 16, 2021100800,   , BEST,   0,  95N,  874W,  15,    0, DB,   0,    ,    0,    0,    0,    0,    0,    0,   0,   0,   0,   E,   0,    ,   0,   0, GENESIS027,  ,  0,    ,    0,    0,    0,    0, genesis-num, 027, 
EP, 16, 2021100806,   , BEST,   0,  96N,  891W,  15, 1009, DB,   0,    ,    0,    0,    0,    0,    0,    0,   0,   0,   0,   E,   0,    ,   0,   0, GENESIS027,  ,  0,    ,    0,    0,    0,    0, genesis-num, 027, 
EP, 16, 2021100812,   , BEST,   0,  98N,  907W,  20, 1008, DB,   0,    ,    0,    0,    0,    0, 1009,  150, 100,   0,   0,   E,   0,    ,   0,   0,     INVEST, S,  0,    ,    0,    0,    0,    0, genesis-num, 027, SPAWNINVEST, ep792021 to ep912021, 
EP, 16, 2021100818,   , BEST,   0, 101N,  923W,  25, 1008, DB,   0,    ,    0,    0,    0,    0, 1009,  150, 100,   0,   0,   E,   0,    ,   0,   0,     INVEST, S,  0,    ,    0,    0,    0,    0, genesis-num, 027, 
EP, 16, 2021100900,   , BEST,   0, 105N,  939W,  25, 1006, DB,   0,    ,    0,    0,    0,    0, 1009,  150,  90,   0,   0,   E,   0,    ,   0,   0,     INVEST, S,  0,    ,    0,    0,    0,    0, genesis-num, 027, 
EP, 16, 2021100906,   , BEST,   0, 109N,  953W,  25, 1007, DB,   0,    ,    0,    0,    0,    0, 1010,  150,  90,   0,   0,   E,   0,    ,   0,   0,     INVEST, M,  0,    ,    0,    0,    0,    0, genesis-num, 027, 
EP, 16, 2021100912,   , BEST,   0, 113N,  964W,  25, 1007, DB,   0,    ,    0,    0,    0,    0, 1010,  150,  90,  35,   0,   E,   0,    ,   0,   0,     INVEST, M,  0,    ,    0,    0,    0,    0, genesis-num, 027, 
EP, 16, 2021100918,   , BEST,   0, 125N,  987W,  25, 1008, DB,   0,    ,    0,    0,    0,    0, 1010,  150, 100,  35,   0,   E,   0,    ,   0,   0,     INVEST, M,  0,    ,    0,    0,    0,    0, genesis-num, 027, 
EP, 16, 2021101000,   , BEST,   0, 133N, 1007W,  25, 1008, DB,   0,    ,    0,    0,    0,    0, 1010,  150, 100,  35,   0,   E,   0,    ,   0,   0,     INVEST, M,  0,    ,    0,    0,    0,    0, genesis-num, 027, 
EP, 16, 2021101006,   , BEST,   0, 140N, 1023W,  30, 1008, TD,   0,    ,    0,    0,    0,    0, 1011,  150,  60,  40,   0,   E,   0,    ,   0,   0,  SIXTEEN-E, M,  0,    ,    0,    0,    0,    0, genesis-num, 027, TRANSITIONED, epD12021 to ep162021, 
EP, 16, 2021101012,   , BEST,   0, 146N, 1038W,  35, 1007, TS,  34, NEQ,   50,    0,    0,    0, 1010,  150,  30,  40,   0,   E,   0,    ,   0,   0,    SIXTEEN, M,  0,    ,    0,    0,    0,    0, genesis-num, 027, 
EP, 16, 2021101018,   , BEST,   0, 152N, 1052W,  40, 1005, TS,  34, NEQ,   50,    0,    0,    0, 1010,  150,  30,  50,   0,   E,   0,    ,   0,   0,     PAMELA, M,  0,    ,    0,    0,    0,    0, genesis-num, 027, 
EP, 16, 2021101100,   , BEST,   0, 157N, 1063W,  45, 1002, TS,  34, NEQ,   60,   40,    0,   30, 1009,  150,  30,  55,   0,   E,   0,    ,   0,   0,     PAMELA, M, 12, NEQ,   60,   60,    0,    0, genesis-num, 027, 
EP, 16, 2021101106,   , BEST,   0, 162N, 1074W,  45, 1002, TS,  34, NEQ,   60,   60,    0,   30, 1009,  150,  30,  55,   0,   E,   0,    ,   0,   0,     PAMELA, M, 12, NEQ,   60,   60,    0,    0, genesis-num, 027, 
EP, 16, 2021101112,   , BEST,   0, 166N, 1079W,  55,  995, TS,  34, NEQ,   60,   60,   30,   40, 1009,  150,  20,  65,   0,   E,   0,    ,   0,   0,     PAMELA, D, 12, NEQ,   60,   60,    0,    0, genesis-num, 027, 
EP, 16, 2021101112,   , BEST,   0, 166N, 1079W,  55,  995, TS,  50, NEQ,   20,   20,    0,    0, 1009,  150,  20,  65,   0,   E,   0,    ,   0,   0,     PAMELA, D, 12, NEQ,   60,   60,    0,    0, genesis-num, 027, 
EP, 16, 2021101118,   , BEST,   0, 170N, 1083W,  60,  992, TS,  34, NEQ,   60,   60,   30,   40, 1009,  150,  20,  75,   0,   E,   0,    ,   0,   0,     PAMELA, D, 12, NEQ,   75,   60,    0,   30, genesis-num, 027, 
EP, 16, 2021101118,   , BEST,   0, 170N, 1083W,  60,  992, TS,  50, NEQ,   20,   20,    0,    0, 1009,  150,  20,  75,   0,   E,   0,    ,   0,   0,     PAMELA, D, 12, NEQ,   75,   60,    0,   30, genesis-num, 027, 
EP, 16, 2021101200,   , BEST,   0, 176N, 1088W,  60,  992, TS,  34, NEQ,   70,   70,   40,   50, 1007,  200,  20,  75,   0,   E,   0,    ,   0,   0,     PAMELA, D, 12, NEQ,   90,   75,   30,   45, genesis-num, 027, 
EP, 16, 2021101200,   , BEST,   0, 176N, 1088W,  60,  992, TS,  50, NEQ,   30,   30,    0,    0, 1007,  200,  20,  75,   0,   E,   0,    ,   0,   0,     PAMELA, D, 12, NEQ,   90,   75,   30,   45, genesis-num, 027, 
