AL, 06, 2022082700,   , BEST,   0, 123N,  359W,  20,    0, DB,   0,    ,    0,    0,    0,    0, 1011,  150,  90,   0,   0,   L,   0,    ,   0,   0, GENESIS018,  ,  0,    ,    0,    0,    0,    0, genesis-num, 018, 
AL, 06, 2022082706,   , BEST,   0, 125N,  371W,  20,    0, DB,   0,    ,    0,    0,    0,    0, 1011,  150,  90,   0,   0,   L,   0,    ,   0,   0, GENESIS018,  ,  0,    ,    0,    0,    0,    0, genesis-num, 018, 
AL, 06, 2022082712,   , BEST,   0, 129N,  384W,  20,    0, DB,   0,    ,    0,    0,    0,    0, 1011,  150,  90,   0,   0,   L,   0,    ,   0,   0, GENESIS018,  ,  0,    ,    0,    0,    0,    0, genesis-num, 018, 
AL, 06, 2022082718,   , BEST,   0, 132N,  396W,  20,    0, DB,   0,    ,    0,    0,    0,    0, 1011,  150,  90,   0,   0,   L,   0,    ,   0,   0, GENESIS018,  ,  0,    ,    0,    0,    0,    0, genesis-num, 018, 
AL, 06, 2022082800,   , BEST,   0, 137N,  408W,  25, 1009, DB,   0,    ,    0,    0,    0,    0, 1011,  150,  90,   0,   0,   L,   0,    ,   0,   0,     INVEST, S,  0,    ,    0,    0,    0,    0, genesis-num, 018, SPAWNINVEST, al792022 to al912022, 
AL, 06, 2022082806,   , BEST,   0, 139N,  422W,  25, 1009, DB,   0,    ,    0,    0,    0,    0, 1011,  150,  90,   0,   0,   L,   0,    ,   0,   0,     INVEST, S,  0,    ,    0,    0,    0,    0, genesis-num, 018, 
AL, 06, 2022082812,   , BEST,   0, 139N,  436W,  30, 1008, DB,   0,    ,    0,    0,    0,    0, 1011,  150,  80,   0,   0,   L,   0,    ,   0,   0,     INVEST, S,  0,    ,    0,    0,    0,    0, genesis-num, 018, 
AL, 06, 2022082818,   , BEST,   0, 139N,  449W,  30, 1007, DB,   0,    ,    0,    0,    0,    0, 1011,  120,  80,   0,   0,   L,   0,    ,   0,   0,     INVEST, S,  0,    ,    0,    0,    0,    0, genesis-num, 018, 
AL, 06, 2022082900,   , BEST,   0, 140N,  452W,  30, 1007, DB,   0,    ,    0,    0,    0,    0, 1012,  120,  80,   0,   0,   L,   0,    ,   0,   0,     INVEST, S,  0,    ,    0,    0,    0,    0, genesis-num, 018, 
AL, 06, 2022082906,   , BEST,   0, 144N,  459W,  30, 1007, DB,   0,    ,    0,    0,    0,    0, 1012,  120,  80,   0,   0,   L,   0,    ,   0,   0,     INVEST, S,  0,    ,    0,    0,    0,    0, genesis-num, 018, 
AL, 06, 2022082912,   , BEST,   0, 146N,  467W,  30, 1007, DB,   0,    ,    0,    0,    0,    0, 1012,  120,  80,   0,   0,   L,   0,    ,   0,   0,     INVEST, S,  0,    ,    0,    0,    0,    0, genesis-num, 018, 
AL, 06, 2022082918,   , BEST,   0, 147N,  473W,  30, 1008, DB,   0,    ,    0,    0,    0,    0, 1011,  120,  80,   0,   0,   L,   0,    ,   0,   0,     INVEST, S,  0,    ,    0,    0,    0,    0, genesis-num, 018, 
AL, 06, 2022083000,   , BEST,   0, 147N,  477W,  25, 1007, DB,   0,    ,    0,    0,    0,    0, 1012,  150,  80,   0,   0,   L,   0,    ,   0,   0,     INVEST, S,  0,    ,    0,    0,    0,    0, genesis-num, 018, 
AL, 06, 2022083006,   , BEST,   0, 146N,  481W,  25, 1007, DB,   0,    ,    0,    0,    0,    0, 1012,  150,  80,   0,   0,   L,   0,    ,   0,   0,     INVEST, S,  0,    ,    0,    0,    0,    0, genesis-num, 018, 
AL, 06, 2022083012,   , BEST,   0, 146N,  486W,  25, 1007, DB,   0,    ,    0,    0,    0,    0, 1012,  150,  80,   0,   0,   L,   0,    ,   0,   0,     INVEST, S,  0,    ,    0,    0,    0,    0, genesis-num, 018, 
AL, 06, 2022083018,   , BEST,   0, 147N,  491W,  30, 1007, DB,   0,    ,    0,    0,    0,    0, 1012,  180,  90,   0,   0,   L,   0,    ,   0,   0,     INVEST, S,  0,    ,    0,    0,    0,    0, genesis-num, 018, 
AL, 06, 2022083100,   , BEST,   0, 149N,  495W,  30, 1007, DB,   0,    ,    0,    0,    0,    0, 1011,  180,  90,   0,   0,   L,   0,    ,   0,   0,     INVEST, S,  0,    ,    0,    0,    0,    0, genesis-num, 018, 
AL, 06, 2022083106,   , BEST,   0, 151N,  500W,  30, 1007, DB,   0,    ,    0,    0,    0,    0, 1010,  180,  90,   0,   0,   L,   0,    ,   0,   0,     INVEST, S,  0,    ,    0,    0,    0,    0, genesis-num, 018, 
AL, 06, 2022083112,   , BEST,   0, 153N,  504W,  30, 1008, DB,   0,    ,    0,    0,    0,    0, 1012,  180,  90,   0,   0,   L,   0,    ,   0,   0,     INVEST, S,  0,    ,    0,    0,    0,    0, genesis-num, 018, 
AL, 06, 2022083118,   , BEST,   0, 155N,  508W,  30, 1008, DB,   0,    ,    0,    0,    0,    0, 1010,  150,  90,   0,   0,   L,   0,    ,   0,   0,     INVEST, S,  0,    ,    0,    0,    0,    0, genesis-num, 018, 
AL, 06, 2022090100,   , BEST,   0, 157N,  513W,  30, 1008, DB,   0,    ,    0,    0,    0,    0, 1010,  150,  90,   0,   0,   L,   0,    ,   0,   0,     INVEST, S,  0,    ,    0,    0,    0,    0, genesis-num, 018, 
AL, 06, 2022090106,   , BEST,   0, 159N,  521W,  30, 1008, DB,   0,    ,    0,    0,    0,    0, 1010,  150,  90,   0,   0,   L,   0,    ,   0,   0,     INVEST, S,  0,    ,    0,    0,    0,    0, genesis-num, 018, 
AL, 06, 2022090112,   , BEST,   0, 161N,  531W,  30, 1008, DB,   0,    ,    0,    0,    0,    0, 1010,  150,  90,  40,   0,   L,   0,    ,   0,   0,     INVEST, S,  0,    ,    0,    0,    0,    0, genesis-num, 018, 
AL, 06, 2022090118,   , BEST,   0, 165N,  543W,  30, 1008, DB,   0,    ,    0,    0,    0,    0, 1010,  150,  90,   0,   0,   L,   0,    ,   0,   0,     INVEST, S,  0,    ,    0,    0,    0,    0, genesis-num, 018, 
AL, 06, 2022090200,   , BEST,   0, 169N,  554W,  30, 1008, DB,   0,    ,    0,    0,    0,    0, 1010,  150,  90,   0,   0,   L,   0,    ,   0,   0,     INVEST, S,  0,    ,    0,    0,    0,    0, genesis-num, 018, 
AL, 06, 2022090206,   , BEST,   0, 170N,  564W,  30, 1008, DB,   0,    ,    0,    0,    0,    0, 1010,  150,  90,   0,   0,   L,   0,    ,   0,   0,     INVEST, S,  0,    ,    0,    0,    0,    0, genesis-num, 018, 
AL, 06, 2022090212,   , BEST,   0, 174N,  575W,  30, 1008, DB,   0,    ,    0,    0,    0,    0, 1010,  150,  80,   0,   0,   L,   0,    ,   0,   0,     INVEST, S,  0,    ,    0,    0,    0,    0, genesis-num, 018, 
AL, 06, 2022090218,   , BEST,   0, 179N,  586W,  30, 1006, LO,   0,    ,    0,    0,    0,    0, 1010,  150,  80,  40,   0,   L,   0,    ,   0,   0,     INVEST, S,  0,    ,    0,    0,    0,    0, genesis-num, 018, 
AL, 06, 2022090300,   , BEST,   0, 183N,  598W,  35, 1005, TS,  34, NEQ,  150,  150,    0,    0, 1010,  150, 120,  45,   0,   L,   0,    ,   0,   0,       EARL, S,  0,    ,    0,    0,    0,    0, genesis-num, 018, TRANSITIONED, alB12022 to al062022, 
