EP, 15, 2021090412,   , BEST,   0, 126N,  993W,  20, 1009, DB,   0,    ,    0,    0,    0,    0,    0,    0,   0,   0,   0,   E,   0,    ,   0,   0, GENESIS020,  ,  0,    ,    0,    0,    0,    0, genesis-num, 020, 
EP, 15, 2021090418,   , BEST,   0, 130N, 1000W,  20,    0, DB,   0,    ,    0,    0,    0,    0,    0,    0,   0,   0,   0,   E,   0,    ,   0,   0, GENESIS020,  ,  0,    ,    0,    0,    0,    0, genesis-num, 020, 
EP, 15, 2021090500,   , BEST,   0, 134N, 1007W,  20, 1009, DB,   0,    ,    0,    0,    0,    0,    0,    0,   0,   0,   0,   E,   0,    ,   0,   0, GENESIS020,  ,  0,    ,    0,    0,    0,    0, genesis-num, 020, 
EP, 15, 2021090506,   , BEST,   0, 138N, 1014W,  20, 1009, DB,   0,    ,    0,    0,    0,    0,    0,    0,   0,   0,   0,   E,   0,    ,   0,   0, GENESIS020,  ,  0,    ,    0,    0,    0,    0, genesis-num, 020, 
EP, 15, 2021090512,   , BEST,   0, 144N, 1021W,  20, 1009, DB,   0,    ,    0,    0,    0,    0,    0,    0,   0,   0,   0,   E,   0,    ,   0,   0, GENESIS020,  ,  0,    ,    0,    0,    0,    0, genesis-num, 020, 
EP, 15, 2021090518,   , BEST,   0, 150N, 1028W,  20, 1009, LO,   0,    ,    0,    0,    0,    0, 1011,  120,  60,   0,   0,   E,   0,    ,   0,   0,     INVEST, S,  0,    ,    0,    0,    0,    0, genesis-num, 020, SPAWNINVEST, ep722021 to ep962021, 
EP, 15, 2021090600,   , BEST,   0, 157N, 1034W,  25, 1008, LO,   0,    ,    0,    0,    0,    0, 1011,  120,  50,   0,   0,   E,   0,    ,   0,   0,     INVEST, M,  0,    ,    0,    0,    0,    0, genesis-num, 020, 
EP, 15, 2021090606,   , BEST,   0, 162N, 1042W,  25, 1008, LO,   0,    ,    0,    0,    0,    0, 1011,  120,  50,   0,   0,   E,   0,    ,   0,   0,     INVEST, M,  0,    ,    0,    0,    0,    0, genesis-num, 020, 
EP, 15, 2021090612,   , BEST,   0, 167N, 1051W,  25, 1008, LO,   0,    ,    0,    0,    0,    0, 1011,  120,  50,   0,   0,   E,   0,    ,   0,   0,     INVEST, M,  0,    ,    0,    0,    0,    0, genesis-num, 020, 
EP, 15, 2021090618,   , BEST,   0, 170N, 1058W,  25, 1009, LO,   0,    ,    0,    0,    0,    0, 1012,  150,  60,  35,   0,   E,   0,    ,   0,   0,     INVEST, M,  0,    ,    0,    0,    0,    0, genesis-num, 020, 
EP, 15, 2021090700,   , BEST,   0, 174N, 1063W,  25, 1009, LO,   0,    ,    0,    0,    0,    0, 1012,  150,  60,  35,   0,   E,   0,    ,   0,   0,     INVEST, M,  0,    ,    0,    0,    0,    0, genesis-num, 020, 
EP, 15, 2021090706,   , BEST,   0, 177N, 1068W,  25, 1009, LO,   0,    ,    0,    0,    0,    0, 1011,  150,  80,  35,   0,   E,   0,    ,   0,   0,     INVEST, M,  0,    ,    0,    0,    0,    0, genesis-num, 020, 
EP, 15, 2021090712,   , BEST,   0, 179N, 1073W,  30, 1007, LO,   0,    ,    0,    0,    0,    0, 1011,  150,  80,  40,   0,   E,   0,    ,   0,   0,     INVEST, M,  0,    ,    0,    0,    0,    0, genesis-num, 020, 
EP, 15, 2021090718,   , BEST,   0, 181N, 1078W,  30, 1007, TD,   0,    ,    0,    0,    0,    0, 1011,  150,  80,  40,   0,   E,   0,    ,   0,   0,    FIFTEEN, M,  0,    ,    0,    0,    0,    0, genesis-num, 020, TRANSITIONED, epB62021 to ep152021, 
EP, 15, 2021090800,   , BEST,   0, 181N, 1073W,  30, 1007, TD,   0,    ,    0,    0,    0,    0, 1011,  150,  80,  40,   0,   E,   0,    ,   0,   0,    FIFTEEN, M,  0,    ,    0,    0,    0,    0, genesis-num, 020, 
EP, 15, 2021090806,   , BEST,   0, 183N, 1070W,  30, 1006, TD,   0,    ,    0,    0,    0,    0, 1010,  150,  80,  40,   0,   E,   0,    ,   0,   0,    FIFTEEN, M,  0,    ,    0,    0,    0,    0, genesis-num, 020, 
EP, 15, 2021090812,   , BEST,   0, 187N, 1073W,  35, 1005, TS,  34, NEQ,   40,    0,    0,    0, 1010,  150,  40,  45,   0,   E,   0,    ,   0,   0,       OLAF, M,  0,    ,    0,    0,    0,    0, genesis-num, 020, 
EP, 15, 2021090818,   , BEST,   0, 192N, 1075W,  40, 1002, TS,  34, NEQ,   60,    0,    0,   60, 1010,  150,  40,  50,   0,   E,   0,    ,   0,   0,       OLAF, M,  0,    ,    0,    0,    0,    0, genesis-num, 020, 
EP, 15, 2021090900,   , BEST,   0, 197N, 1076W,  45, 1000, TS,  34, NEQ,   80,   40,   30,   60, 1010,  150,  40,  55,   0,   E,   0,    ,   0,   0,       OLAF, M, 12, NEQ,   45,    0,    0,    0, genesis-num, 020, 
EP, 15, 2021090906,   , BEST,   0, 202N, 1078W,  55,  993, TS,  34, NEQ,  100,   60,   40,   60, 1010,  150,  35,  65,   0,   E,   0,    ,   0,   0,       OLAF, M, 12, NEQ,   60,   30,    0,   60, genesis-num, 020, 
EP, 15, 2021090906,   , BEST,   0, 202N, 1078W,  55,  993, TS,  50, NEQ,   40,    0,    0,    0, 1010,  150,  35,  65,   0,   E,   0,    ,   0,   0,       OLAF, M, 12, NEQ,   60,   30,    0,   60, genesis-num, 020, 
EP, 15, 2021090912,   , BEST,   0, 209N, 1081W,  65,  987, HU,  34, NEQ,  100,   60,   40,   60, 1009,  150,  30,  75,   0,   E,   0,    ,   0,   0,       OLAF, D, 12, NEQ,   60,   75,    0,   60, genesis-num, 020, 
EP, 15, 2021090912,   , BEST,   0, 209N, 1081W,  65,  987, HU,  50, NEQ,   50,   40,    0,   40, 1009,  150,  30,  75,   0,   E,   0,    ,   0,   0,       OLAF, D, 12, NEQ,   60,   75,    0,   60, genesis-num, 020, 
EP, 15, 2021090912,   , BEST,   0, 209N, 1081W,  65,  987, HU,  64, NEQ,   30,    0,    0,    0, 1009,  150,  30,  75,   0,   E,   0,    ,   0,   0,       OLAF, D, 12, NEQ,   60,   75,    0,   60, genesis-num, 020, 
EP, 15, 2021090918,   , BEST,   0, 218N, 1086W,  75,  980, HU,  34, NEQ,   90,   90,   50,   60, 1009,  150,  30,  90,   0,   E,   0,    ,   0,   0,       OLAF, D, 12, NEQ,   60,   90,   30,   90, genesis-num, 020, 
EP, 15, 2021090918,   , BEST,   0, 218N, 1086W,  75,  980, HU,  50, NEQ,   40,   40,   30,   40, 1009,  150,  30,  90,   0,   E,   0,    ,   0,   0,       OLAF, D, 12, NEQ,   60,   90,   30,   90, genesis-num, 020, 
EP, 15, 2021090918,   , BEST,   0, 218N, 1086W,  75,  980, HU,  64, NEQ,   30,   30,    0,   30, 1009,  150,  30,  90,   0,   E,   0,    ,   0,   0,       OLAF, D, 12, NEQ,   60,   90,   30,   90, genesis-num, 020, 
EP, 15, 2021091000,   , BEST,   0, 227N, 1093W,  80,  977, HU,  34, NEQ,   70,   70,   60,   60, 1008,  150,  20, 100,   0,   E,   0,    ,   0,   0,       OLAF, D, 12, NEQ,   90,   90,   60,   30, genesis-num, 020, 
EP, 15, 2021091000,   , BEST,   0, 227N, 1093W,  80,  977, HU,  50, NEQ,   40,   40,   30,   40, 1008,  150,  20, 100,   0,   E,   0,    ,   0,   0,       OLAF, D, 12, NEQ,   90,   90,   60,   30, genesis-num, 020, 
EP, 15, 2021091000,   , BEST,   0, 227N, 1093W,  80,  977, HU,  64, NEQ,   30,   30,   15,   30, 1008,  150,  20, 100,   0,   E,   0,    ,   0,   0,       OLAF, D, 12, NEQ,   90,   90,   60,   30, genesis-num, 020, 
EP, 15, 2021091006,   , BEST,   0, 234N, 1103W,  75,  981, HU,  34, NEQ,   60,   60,   70,   70, 1010,  120,  20,  90,   0,   E,   0,    ,   0,   0,       OLAF, D, 12, NEQ,   90,   90,   60,   60, genesis-num, 020, 
EP, 15, 2021091006,   , BEST,   0, 234N, 1103W,  75,  981, HU,  50, NEQ,   30,   40,   40,   30, 1010,  120,  20,  90,   0,   E,   0,    ,   0,   0,       OLAF, D, 12, NEQ,   90,   90,   60,   60, genesis-num, 020, 
EP, 15, 2021091006,   , BEST,   0, 234N, 1103W,  75,  981, HU,  64, NEQ,   20,   20,   20,   20, 1010,  120,  20,  90,   0,   E,   0,    ,   0,   0,       OLAF, D, 12, NEQ,   90,   90,   60,   60, genesis-num, 020, 
EP, 15, 2021091012,   , BEST,   0, 239N, 1109W,  65,  988, HU,  34, NEQ,   50,   50,   60,   50, 1010,  120,  10,  80,   0,   E,   0,    ,   0,   0,       OLAF, D, 12, NEQ,   90,   90,   60,    0, genesis-num, 020, 
EP, 15, 2021091012,   , BEST,   0, 239N, 1109W,  65,  988, HU,  50, NEQ,   20,   30,   30,   20, 1010,  120,  10,  80,   0,   E,   0,    ,   0,   0,       OLAF, D, 12, NEQ,   90,   90,   60,    0, genesis-num, 020, 
EP, 15, 2021091012,   , BEST,   0, 239N, 1109W,  65,  988, HU,  64, NEQ,   10,   10,   10,   10, 1010,  120,  10,  80,   0,   E,   0,    ,   0,   0,       OLAF, D, 12, NEQ,   90,   90,   60,    0, genesis-num, 020, 
