EP, 06, 2022071218,   , BEST,   0, 105N,  910W,  20, 1010, DB,   0,    ,    0,    0,    0,    0,    0,    0,   0,   0,   0,   E,   0,    ,   0,   0, GENESIS009,  ,  0,    ,    0,    0,    0,    0, genesis-num, 009, 
EP, 06, 2022071300,   , BEST,   0, 105N,  914W,  20, 1010, DB,   0,    ,    0,    0,    0,    0,    0,    0,   0,   0,   0,   E,   0,    ,   0,   0, GENESIS009,  ,  0,    ,    0,    0,    0,    0, genesis-num, 009, 
EP, 06, 2022071306,   , BEST,   0, 105N,  925W,  20, 1010, DB,   0,    ,    0,    0,    0,    0,    0,    0,   0,   0,   0,   E,   0,    ,   0,   0, GENESIS009,  ,  0,    ,    0,    0,    0,    0, genesis-num, 009, 
EP, 06, 2022071312,   , BEST,   0, 105N,  935W,  20, 1010, DB,   0,    ,    0,    0,    0,    0,    0,    0,   0,   0,   0,   E,   0,    ,   0,   0, GENESIS009,  ,  0,    ,    0,    0,    0,    0, genesis-num, 009, 
EP, 06, 2022071318,   , BEST,   0, 105N,  945W,  20, 1010, DB,   0,    ,    0,    0,    0,    0, 1012,  150,  90,   0,   0,   E,   0,    ,   0,   0,     INVEST, S,  0,    ,    0,    0,    0,    0, genesis-num, 009, SPAWNINVEST, ep792022 to ep962022, 
EP, 06, 2022071400,   , BEST,   0, 105N,  955W,  25, 1010, DB,   0,    ,    0,    0,    0,    0, 1012,  150,  90,   0,   0,   E,   0,    ,   0,   0,     INVEST, S,  0,    ,    0,    0,    0,    0, genesis-num, 009, 
EP, 06, 2022071406,   , BEST,   0, 105N,  966W,  25, 1010, DB,   0,    ,    0,    0,    0,    0, 1012,  150,  80,   0,   0,   E,   0,    ,   0,   0,     INVEST, S,  0,    ,    0,    0,    0,    0, genesis-num, 009, 
EP, 06, 2022071412,   , BEST,   0, 106N,  979W,  25, 1010, DB,   0,    ,    0,    0,    0,    0, 1012,  150,  80,   0,   0,   E,   0,    ,   0,   0,     INVEST, S,  0,    ,    0,    0,    0,    0, genesis-num, 009, 
EP, 06, 2022071418,   , BEST,   0, 108N,  985W,  25, 1009, DB,   0,    ,    0,    0,    0,    0, 1012,  150,  80,  40,   0,   E,   0,    ,   0,   0,     INVEST, S,  0,    ,    0,    0,    0,    0, genesis-num, 009, 
EP, 06, 2022071500,   , BEST,   0, 110N,  991W,  25, 1009, DB,   0,    ,    0,    0,    0,    0, 1011,  160,  80,  40,   0,   E,   0,    ,   0,   0,     INVEST, S,  0,    ,    0,    0,    0,    0, genesis-num, 009, 
EP, 06, 2022071506,   , BEST,   0, 114N,  997W,  25, 1009, DB,   0,    ,    0,    0,    0,    0, 1011,  160,  80,   0,   0,   E,   0,    ,   0,   0,     INVEST, S,  0,    ,    0,    0,    0,    0, genesis-num, 009, 
EP, 06, 2022071512,   , BEST,   0, 119N, 1002W,  30, 1007, TD,   0,    ,    0,    0,    0,    0, 1011,  150,  60,  40,   0,   E,   0,    ,   0,   0,        SIX, S,  0,    ,    0,    0,    0,    0, genesis-num, 009, TRANSITIONED, epA62022 to ep062022, 
EP, 06, 2022071518,   , BEST,   0, 125N, 1007W,  30, 1007, TD,   0,    ,    0,    0,    0,    0, 1011,  160,  40,  40,   0,   E,   0,    ,   0,   0,        SIX, S,  0,    ,    0,    0,    0,    0, genesis-num, 009, 
EP, 06, 2022071600,   , BEST,   0, 130N, 1016W,  35, 1006, TS,  34, NEQ,   40,    0,    0,    0, 1011,  210,  40,  45,   0,   E,   0,    ,   0,   0,    ESTELLE, M,  0,    ,    0,    0,    0,    0, genesis-num, 009, 
EP, 06, 2022071606,   , BEST,   0, 134N, 1025W,  45, 1003, TS,  34, NEQ,   40,   50,    0,    0, 1011,  210,  20,  55,   0,   E,   0,    ,   0,   0,    ESTELLE, M,  0,    ,    0,    0,    0,    0, genesis-num, 009, 
EP, 06, 2022071612,   , BEST,   0, 138N, 1033W,  55,  997, TS,  34, NEQ,   50,   50,   20,   40, 1011,  210,  20,  65,   0,   E,   0,    ,   0,   0,    ESTELLE, M, 12, NEQ,   60,    0,    0,    0, genesis-num, 009, 
EP, 06, 2022071612,   , BEST,   0, 138N, 1033W,  55,  997, TS,  50, NEQ,   20,   20,    0,    0, 1011,  210,  20,  65,   0,   E,   0,    ,   0,   0,    ESTELLE, M, 12, NEQ,   60,    0,    0,    0, genesis-num, 009, 
EP, 06, 2022071618,   , BEST,   0, 141N, 1039W,  60,  993, TS,  34, NEQ,   50,   50,   20,   40, 1010,  180,  20,  75,   0,   E,   0,    ,   0,   0,    ESTELLE, D, 12, NEQ,   60,    0,    0,    0, genesis-num, 009, 
EP, 06, 2022071618,   , BEST,   0, 141N, 1039W,  60,  993, TS,  50, NEQ,   20,   20,    0,   20, 1010,  180,  20,  75,   0,   E,   0,    ,   0,   0,    ESTELLE, D, 12, NEQ,   60,    0,    0,    0, genesis-num, 009, 
EP, 06, 2022071700,   , BEST,   0, 145N, 1046W,  65,  991, HU,  34, NEQ,   60,   50,   30,   40, 1009,  170,  10,  80,   0,   E,   0,    ,   0,   0,    ESTELLE, D, 12, NEQ,   75,   45,   45,   75, genesis-num, 009, 
EP, 06, 2022071700,   , BEST,   0, 145N, 1046W,  65,  991, HU,  50, NEQ,   20,   20,   10,   20, 1009,  170,  10,  80,   0,   E,   0,    ,   0,   0,    ESTELLE, D, 12, NEQ,   75,   45,   45,   75, genesis-num, 009, 
EP, 06, 2022071700,   , BEST,   0, 145N, 1046W,  65,  991, HU,  64, NEQ,   10,    0,    0,    0, 1009,  170,  10,  80,   0,   E,   0,    ,   0,   0,    ESTELLE, D, 12, NEQ,   75,   45,   45,   75, genesis-num, 009, 
EP, 06, 2022071706,   , BEST,   0, 149N, 1054W,  70,  988, HU,  34, NEQ,   60,   50,   30,   40, 1009,  170,  10,  85,   0,   E,   0,    ,   0,   0,    ESTELLE, D, 12, NEQ,   90,   45,   45,   90, genesis-num, 009, 
EP, 06, 2022071706,   , BEST,   0, 149N, 1054W,  70,  988, HU,  50, NEQ,   20,   20,   10,   20, 1009,  170,  10,  85,   0,   E,   0,    ,   0,   0,    ESTELLE, D, 12, NEQ,   90,   45,   45,   90, genesis-num, 009, 
EP, 06, 2022071706,   , BEST,   0, 149N, 1054W,  70,  988, HU,  64, NEQ,   10,   10,    0,    0, 1009,  170,  10,  85,   0,   E,   0,    ,   0,   0,    ESTELLE, D, 12, NEQ,   90,   45,   45,   90, genesis-num, 009, 
EP, 06, 2022071712,   , BEST,   0, 155N, 1066W,  75,  984, HU,  34, NEQ,   60,   50,   30,   40, 1008,  180,  10,   0,   0,   E,   0,    ,   0,   0,    ESTELLE, D,  0,    ,    0,    0,    0,    0, genesis-num, 009, 
EP, 06, 2022071712,   , BEST,   0, 155N, 1066W,  75,  984, HU,  50, NEQ,   20,   20,   10,   20, 1008,  180,  10,   0,   0,   E,   0,    ,   0,   0,    ESTELLE, D,  0,    ,    0,    0,    0,    0, genesis-num, 009, 
EP, 06, 2022071712,   , BEST,   0, 155N, 1066W,  75,  984, HU,  64, NEQ,   10,   10,    0,    0, 1008,  180,  10,   0,   0,   E,   0,    ,   0,   0,    ESTELLE, D,  0,    ,    0,    0,    0,    0, genesis-num, 009, 
