AL, 09, 2022091912,   , BEST,   0,  99N,  466W,  20, 1012, DB,   0,    ,    0,    0,    0,    0,    0,    0,   0,   0,   0,   L,   0,    ,   0,   0, GENESIS028,  ,  0,    ,    0,    0,    0,    0, genesis-num, 028, 
AL, 09, 2022091918,   , BEST,   0, 101N,  482W,  15, 1012, DB,   0,    ,    0,    0,    0,    0,    0,    0,   0,   0,   0,   L,   0,    ,   0,   0, GENESIS028,  ,  0,    ,    0,    0,    0,    0, genesis-num, 028, 
AL, 09, 2022092000,   , BEST,   0, 100N,  498W,  20, 1012, DB,   0,    ,    0,    0,    0,    0,    0,    0,   0,   0,   0,   L,   0,    ,   0,   0, GENESIS028,  ,  0,    ,    0,    0,    0,    0, genesis-num, 028, 
AL, 09, 2022092006,   , BEST,   0, 102N,  519W,  25, 1012, DB,   0,    ,    0,    0,    0,    0,    0,    0,   0,   0,   0,   L,   0,    ,   0,   0, GENESIS028,  ,  0,    ,    0,    0,    0,    0, genesis-num, 028, 
AL, 09, 2022092012,   , BEST,   0, 100N,  550W,  30, 1010, DB,   0,    ,    0,    0,    0,    0, 1012,  150,  90,   0,   0,   L,   0,    ,   0,   0,     INVEST, S,  0,    ,    0,    0,    0,    0, genesis-num, 028, SPAWNINVEST, al712022 to al982022, 
AL, 09, 2022092018,   , BEST,   0, 101N,  560W,  30, 1009, DB,   0,    ,    0,    0,    0,    0, 1010,  150,  90,  40,   0,   L,   0,    ,   0,   0,     INVEST, S,  0,    ,    0,    0,    0,    0, genesis-num, 028, 
AL, 09, 2022092100,   , BEST,   0, 102N,  566W,  30, 1009, DB,   0,    ,    0,    0,    0,    0, 1011,  150,  90,  40,   0,   L,   0,    ,   0,   0,     INVEST, S,  0,    ,    0,    0,    0,    0, genesis-num, 028, 
AL, 09, 2022092106,   , BEST,   0, 102N,  578W,  30, 1009, DB,   0,    ,    0,    0,    0,    0, 1011,  150,  90,   0,   0,   L,   0,    ,   0,   0,     INVEST, S,  0,    ,    0,    0,    0,    0, genesis-num, 028, 
AL, 09, 2022092112,   , BEST,   0, 105N,  595W,  30, 1007, DB,   0,    ,    0,    0,    0,    0, 1010,  150,  90,  40,   0,   L,   0,    ,   0,   0,     INVEST, S,  0,    ,    0,    0,    0,    0, genesis-num, 028, 
AL, 09, 2022092118,   , BEST,   0, 109N,  614W,  30, 1007, DB,   0,    ,    0,    0,    0,    0, 1010,  150,  90,  40,   0,   L,   0,    ,   0,   0,     INVEST, S,  0,    ,    0,    0,    0,    0, genesis-num, 028, 
AL, 09, 2022092200,   , BEST,   0, 112N,  628W,  30, 1007, DB,   0,    ,    0,    0,    0,    0, 1010,  150,  90,  40,   0,   L,   0,    ,   0,   0,     INVEST, S,  0,    ,    0,    0,    0,    0, genesis-num, 028, 
AL, 09, 2022092206,   , BEST,   0, 113N,  641W,  30, 1007, DB,   0,    ,    0,    0,    0,    0, 1010,  150,  90,  40,   0,   L,   0,    ,   0,   0,     INVEST, S,  0,    ,    0,    0,    0,    0, genesis-num, 028, 
AL, 09, 2022092212,   , BEST,   0, 117N,  651W,  30, 1007, DB,   0,    ,    0,    0,    0,    0, 1010,  150,  90,  40,   0,   L,   0,    ,   0,   0,     INVEST, S,  0,    ,    0,    0,    0,    0, genesis-num, 028, 
AL, 09, 2022092218,   , BEST,   0, 123N,  663W,  30, 1006, LO,   0,    ,    0,    0,    0,    0, 1010,  150,  70,  40,   0,   L,   0,    ,   0,   0,     INVEST, S,  0,    ,    0,    0,    0,    0, genesis-num, 028, 
AL, 09, 2022092300,   , BEST,   0, 129N,  672W,  30, 1006, LO,   0,    ,    0,    0,    0,    0, 1010,  150,  70,  40,   0,   L,   0,    ,   0,   0,     INVEST, S,  0,    ,    0,    0,    0,    0, genesis-num, 028, 
AL, 09, 2022092306,   , BEST,   0, 137N,  681W,  30, 1006, TD,   0,    ,    0,    0,    0,    0, 1010,  150,  60,  40,   0,   L,   0,    ,   0,   0,       NINE, S,  0,    ,    0,    0,    0,    0, genesis-num, 028, TRANSITIONED, alB82022 to al092022, 
AL, 09, 2022092312,   , BEST,   0, 141N,  695W,  30, 1006, TD,   0,    ,    0,    0,    0,    0, 1010,  130,  60,  40,   0,   L,   0,    ,   0,   0,       NINE, S,  0,    ,    0,    0,    0,    0, genesis-num, 028, 
AL, 09, 2022092318,   , BEST,   0, 146N,  706W,  30, 1006, TD,   0,    ,    0,    0,    0,    0, 1010,  130,  60,  40,   0,   L,   0,    ,   0,   0,       NINE, S,  0,    ,    0,    0,    0,    0, genesis-num, 028, 
AL, 09, 2022092400,   , BEST,   0, 148N,  716W,  35, 1005, TS,  34, NEQ,    0,    0,    0,   30, 1010,  140,  30,  45,   0,   L,   0,    ,   0,   0,        IAN, S,  0,    ,    0,    0,    0,    0, genesis-num, 028, 
AL, 09, 2022092406,   , BEST,   0, 147N,  728W,  35, 1005, TS,  34, NEQ,    0,    0,    0,   30, 1010,  160,  30,  45,   0,   L,   0,    ,   0,   0,        IAN, S,  0,    ,    0,    0,    0,    0, genesis-num, 028, 
AL, 09, 2022092412,   , BEST,   0, 144N,  745W,  40, 1003, TS,  34, NEQ,    0,    0,    0,   50, 1010,  160,  30,  50,   0,   L,   0,    ,   0,   0,        IAN, S,  0,    ,    0,    0,    0,    0, genesis-num, 028, 
AL, 09, 2022092418,   , BEST,   0, 144N,  762W,  40, 1003, TS,  34, NEQ,    0,    0,    0,   50, 1010,  160,  30,  50,   0,   L,   0,    ,   0,   0,        IAN, S,  0,    ,    0,    0,    0,    0, genesis-num, 028, 
AL, 09, 2022092500,   , BEST,   0, 146N,  772W,  45, 1002, TS,  34, NEQ,   40,    0,    0,   50, 1009,  190,  30,  55,   0,   L,   0,    ,   0,   0,        IAN, S,  0,    ,    0,    0,    0,    0, genesis-num, 028, 
AL, 09, 2022092506,   , BEST,   0, 146N,  783W,  45, 1003, TS,  34, NEQ,   40,    0,    0,   50, 1008,  180,  30,  55,   0,   L,   0,    ,   0,   0,        IAN, S, 12, NEQ,    0,    0,    0,   30, genesis-num, 028, 
AL, 09, 2022092512,   , BEST,   0, 150N,  794W,  40, 1003, TS,  34, NEQ,   40,    0,    0,   50, 1008,  180,  30,  55,   0,   L,   0,    ,   0,   0,        IAN, S, 12, NEQ,   30,    0,    0,   30, genesis-num, 028, 
AL, 09, 2022092518,   , BEST,   0, 157N,  800W,  40, 1003, TS,  34, NEQ,   30,    0,    0,    0, 1008,  180,  30,  50,   0,   L,   0,    ,   0,   0,        IAN, S, 12, NEQ,   30,    0,    0,   45, genesis-num, 028, 
AL, 09, 2022092600,   , BEST,   0, 169N,  809W,  50,  991, TS,  34, NEQ,   60,   60,    0,   30, 1007,  120,  30,  60,   0,   L,   0,    ,   0,   0,        IAN, D, 12, NEQ,   30,    0,    0,    0, genesis-num, 028, 
AL, 09, 2022092600,   , BEST,   0, 169N,  809W,  50,  991, TS,  50, NEQ,   30,    0,    0,    0, 1007,  120,  30,  60,   0,   L,   0,    ,   0,   0,        IAN, D, 12, NEQ,   30,    0,    0,    0, genesis-num, 028, 
AL, 09, 2022092606,   , BEST,   0, 177N,  817W,  65,  985, HU,  34, NEQ,   70,   70,   30,   70, 1007,  150,  15,  80,   0,   L,   0,    ,   0,   0,        IAN, D, 12, NEQ,   45,   30,   30,   30, genesis-num, 028, 
AL, 09, 2022092606,   , BEST,   0, 177N,  817W,  65,  985, HU,  50, NEQ,   30,   30,    0,   20, 1007,  150,  15,  80,   0,   L,   0,    ,   0,   0,        IAN, D, 12, NEQ,   45,   30,   30,   30, genesis-num, 028, 
AL, 09, 2022092606,   , BEST,   0, 177N,  817W,  65,  985, HU,  64, NEQ,   15,    0,    0,    0, 1007,  150,  15,  80,   0,   L,   0,    ,   0,   0,        IAN, D, 12, NEQ,   45,   30,   30,   30, genesis-num, 028, 
AL, 09, 2022092612,   , BEST,   0, 187N,  824W,  70,  981, HU,  34, NEQ,   90,   80,   40,   90, 1008,  150,  15,  85,   0,   L,   0,    ,   0,   0,        IAN, D, 12, NEQ,   60,   30,   30,   60, genesis-num, 028, 
AL, 09, 2022092612,   , BEST,   0, 187N,  824W,  70,  981, HU,  50, NEQ,   40,   40,    0,   30, 1008,  150,  15,  85,   0,   L,   0,    ,   0,   0,        IAN, D, 12, NEQ,   60,   30,   30,   60, genesis-num, 028, 
AL, 09, 2022092612,   , BEST,   0, 187N,  824W,  70,  981, HU,  64, NEQ,   20,    0,    0,    0, 1008,  150,  15,  85,   0,   L,   0,    ,   0,   0,        IAN, D, 12, NEQ,   60,   30,   30,   60, genesis-num, 028, 
